VirtualBox VM 5.0.2 r102096 win.amd64 (Aug 13 2015 17:23:32) release log
00:52:45.796228 Log opened 2015-10-08T23:39:16.696740200Z
00:52:45.796231 Build Type: release
00:52:45.796236 OS Product: Windows 10
00:52:45.796240 OS Release: 10.0.10240
00:52:45.796242 OS Service Pack: 
00:52:45.953898 DMI Product Name: 3570R/370R/470R/450R/510R/4450RV
00:52:45.963452 DMI Product Version: P14RAN
00:52:45.963466 Host RAM: 8077MB total, 4790MB available
00:52:45.963471 Executable: C:\Program Files\Oracle\VirtualBox\VirtualBox.exe
00:52:45.963472 Process ID: 10736
00:52:45.963474 Package type: WINDOWS_64BITS_GENERIC
00:52:46.071322 Installed Extension Packs:
00:52:46.071407   None installed!
00:52:46.077490 ERROR [COM]: aRC=VBOX_E_INVALID_OBJECT_STATE (0x80bb0007) aIID={77faf1c0-489d-b123-274c-5a95e77ab286} aComponent={ProgressWrap} aText={Operation cannot be canceled}, preserve=false aResultDetail=0
00:52:46.078280 Console: Machine state changed to 'Restoring'
00:52:46.159452 SUP: Loaded VMMR0.r0 (C:\Program Files\Oracle\VirtualBox\VMMR0.r0) at 0xfffff8006a0e0000 - ModuleInit at fffff8006a101980 and ModuleTerm at fffff8006a101e70 using the native ring-0 loader
00:52:46.159506 SUP: VMMR0EntryEx located at fffff8006a1048b0, VMMR0EntryFast at fffff8006a1025c0 and VMMR0EntryInt at fffff8006a1025b0
00:52:46.159524 SUP: windbg> .reload /f C:\Program Files\Oracle\VirtualBox\VMMR0.r0=0xfffff8006a0e0000
00:52:46.169890 Guest OS type: 'Debian_64'
00:52:46.176933 Installed Drivers:
00:52:46.188489   C:\WINDOWS\system32\DRIVERS\VBoxNetLwf.sys (Version: 5.0.2.2096)
00:52:46.194784   C:\WINDOWS\system32\DRIVERS\VBoxUSBMon.sys (Version: 5.0.2.2096)
00:52:46.215369   C:\WINDOWS\system32\DRIVERS\VBoxDrv.sys (Version: 5.0.2.2096)
00:52:46.222866 fHMForced=true - SMP
00:52:46.222902 fHMForced=true - 64-bit guest
00:52:46.268705 File system of 'C:\Users\Leonardo\VirtualBox VMs\kali\Snapshots' (snapshots) is ntfs
00:52:46.268739 File system of 'C:\Users\Leonardo\VirtualBox VMs\kali\kali.vdi' is ntfs
00:52:46.397125 Shared clipboard service loaded
00:52:46.397148 Shared clipboard mode: Bidirectional
00:52:46.416500 Drag and drop service loaded
00:52:46.416517 Drag and drop mode: Off
00:52:46.450456 Guest Control service loaded
00:52:46.452927 ************************* CFGM dump *************************
00:52:46.452932 [/] (level 0)
00:52:46.452938   CSAMEnabled       <integer> = 0x0000000000000001 (1)
00:52:46.452942   CpuExecutionCap   <integer> = 0x0000000000000064 (100)
00:52:46.452946   EnablePAE         <integer> = 0x0000000000000000 (0)
00:52:46.452988   HMEnabled         <integer> = 0x0000000000000001 (1)
00:52:46.452991   MemBalloonSize    <integer> = 0x0000000000000000 (0)
00:52:46.452993   Name              <string>  = "kali" (cb=5)
00:52:46.452996   NumCPUs           <integer> = 0x0000000000000002 (2)
00:52:46.452999   PATMEnabled       <integer> = 0x0000000000000001 (1)
00:52:46.453002   PageFusionAllowed <integer> = 0x0000000000000000 (0)
00:52:46.453004   RamHoleSize       <integer> = 0x0000000020000000 (536 870 912, 512 MB)
00:52:46.453009   RamSize           <integer> = 0x0000000080000000 (2 147 483 648, 2 048 MB)
00:52:46.453015   RawR0Enabled      <integer> = 0x0000000000000001 (1)
00:52:46.453017   RawR3Enabled      <integer> = 0x0000000000000001 (1)
00:52:46.453019   TimerMillies      <integer> = 0x000000000000000a (10)
00:52:46.453022   UUID              <bytes>   = "d0 cf 36 07 31 0b d8 41 89 08 67 f1 c8 d4 7f fc" (cb=16)
00:52:46.453035 
00:52:46.453036 [/CPUM/] (level 1)
00:52:46.453040   PortableCpuIdLevel <integer> = 0x0000000000000000 (0)
00:52:46.453043 
00:52:46.453044 [/DBGF/] (level 1)
00:52:46.453047   Path <string>  = "C:\Users\Leonardo\VirtualBox VMs\kali/debug/;C:\Users\Leonardo\VirtualBox VMs\kali/;C:\Users\Leonardo/" (cb=103)
00:52:46.453049 
00:52:46.453050 [/Devices/] (level 1)
00:52:46.453053 
00:52:46.453053 [/Devices/8237A/] (level 2)
00:52:46.453056 
00:52:46.453057 [/Devices/8237A/0/] (level 3)
00:52:46.453061   Trusted <integer> = 0x0000000000000001 (1)
00:52:46.453063 
00:52:46.453065 [/Devices/GIMDev/] (level 2)
00:52:46.453067 
00:52:46.453068 [/Devices/GIMDev/0/] (level 3)
00:52:46.453071   Trusted <integer> = 0x0000000000000001 (1)
00:52:46.453073 
00:52:46.453074 [/Devices/VMMDev/] (level 2)
00:52:46.453077 
00:52:46.453078 [/Devices/VMMDev/0/] (level 3)
00:52:46.453081   PCIBusNo      <integer> = 0x0000000000000000 (0)
00:52:46.453083   PCIDeviceNo   <integer> = 0x0000000000000004 (4)
00:52:46.453086   PCIFunctionNo <integer> = 0x0000000000000000 (0)
00:52:46.453089   Trusted       <integer> = 0x0000000000000001 (1)
00:52:46.453091 
00:52:46.453092 [/Devices/VMMDev/0/Config/] (level 4)
00:52:46.453095   GuestCoreDumpDir <string>  = "C:\Users\Leonardo\VirtualBox VMs\kali\Snapshots" (cb=48)
00:52:46.453098   RamSize          <integer> = 0x0000000080000000 (2 147 483 648, 2 048 MB)
00:52:46.453101 
00:52:46.453102 [/Devices/VMMDev/0/LUN#0/] (level 4)
00:52:46.453104   Driver <string>  = "HGCM" (cb=5)
00:52:46.453106 
00:52:46.453107 [/Devices/VMMDev/0/LUN#0/Config/] (level 5)
00:52:46.453109   Object <integer> = 0x000000000406f970 (67 565 936)
00:52:46.453112 
00:52:46.453112 [/Devices/VMMDev/0/LUN#999/] (level 4)
00:52:46.453115   Driver <string>  = "MainStatus" (cb=11)
00:52:46.453116 
00:52:46.453117 [/Devices/VMMDev/0/LUN#999/Config/] (level 5)
00:52:46.453119   First   <integer> = 0x0000000000000000 (0)
00:52:46.453121   Last    <integer> = 0x0000000000000000 (0)
00:52:46.453123   papLeds <integer> = 0x00000000019973c0 (26 833 856)
00:52:46.453125 
00:52:46.453126 [/Devices/acpi/] (level 2)
00:52:46.453128 
00:52:46.453129 [/Devices/acpi/0/] (level 3)
00:52:46.453131   PCIBusNo      <integer> = 0x0000000000000000 (0)
00:52:46.453133   PCIDeviceNo   <integer> = 0x0000000000000007 (7)
00:52:46.453134   PCIFunctionNo <integer> = 0x0000000000000000 (0)
00:52:46.453136   Trusted       <integer> = 0x0000000000000001 (1)
00:52:46.453137 
00:52:46.453138 [/Devices/acpi/0/Config/] (level 4)
00:52:46.453141   CpuHotPlug        <integer> = 0x0000000000000000 (0)
00:52:46.453143   FdcEnabled        <integer> = 0x0000000000000000 (0)
00:52:46.453145   HostBusPciAddress <integer> = 0x0000000000000000 (0)
00:52:46.453146   HpetEnabled       <integer> = 0x0000000000000000 (0)
00:52:46.453148   IOAPIC            <integer> = 0x0000000000000001 (1)
00:52:46.453150   IocPciAddress     <integer> = 0x0000000000010000 (65 536)
00:52:46.453152   NumCPUs           <integer> = 0x0000000000000002 (2)
00:52:46.453154   RamHoleSize       <integer> = 0x0000000020000000 (536 870 912, 512 MB)
00:52:46.453157   RamSize           <integer> = 0x0000000080000000 (2 147 483 648, 2 048 MB)
00:52:46.453160   Serial0IoPortBase <integer> = 0x0000000000000000 (0)
00:52:46.453162   Serial0Irq        <integer> = 0x0000000000000000 (0)
00:52:46.453164   Serial1IoPortBase <integer> = 0x0000000000000000 (0)
00:52:46.453165   Serial1Irq        <integer> = 0x0000000000000000 (0)
00:52:46.453167   ShowCpu           <integer> = 0x0000000000000001 (1)
00:52:46.453168   ShowRtc           <integer> = 0x0000000000000000 (0)
00:52:46.453170   SmcEnabled        <integer> = 0x0000000000000000 (0)
00:52:46.453172 
00:52:46.453172 [/Devices/acpi/0/LUN#0/] (level 4)
00:52:46.453174   Driver <string>  = "ACPIHost" (cb=9)
00:52:46.453176 
00:52:46.453177 [/Devices/acpi/0/LUN#0/Config/] (level 5)
00:52:46.453179 
00:52:46.453180 [/Devices/acpi/0/LUN#1/] (level 4)
00:52:46.453182   Driver <string>  = "ACPICpu" (cb=8)
00:52:46.453183 
00:52:46.453184 [/Devices/acpi/0/LUN#1/Config/] (level 5)
00:52:46.453186 
00:52:46.453187 [/Devices/ahci/] (level 2)
00:52:46.453188 
00:52:46.453189 [/Devices/ahci/0/] (level 3)
00:52:46.453191   PCIBusNo      <integer> = 0x0000000000000000 (0)
00:52:46.453193   PCIDeviceNo   <integer> = 0x000000000000000d (13)
00:52:46.453195   PCIFunctionNo <integer> = 0x0000000000000000 (0)
00:52:46.453196   Trusted       <integer> = 0x0000000000000001 (1)
00:52:46.453198 
00:52:46.453198 [/Devices/ahci/0/Config/] (level 4)
00:52:46.453201   Bootable  <integer> = 0x0000000000000001 (1)
00:52:46.453202   PortCount <integer> = 0x0000000000000001 (1)
00:52:46.453204 
00:52:46.453204 [/Devices/ahci/0/Config/Port0/] (level 5)
00:52:46.453207   Hotpluggable        <integer> = 0x0000000000000000 (0)
00:52:46.453209   NonRotationalMedium <integer> = 0x0000000000000000 (0)
00:52:46.453210 
00:52:46.453211 [/Devices/ahci/0/LUN#0/] (level 4)
00:52:46.453213   Driver <string>  = "Block" (cb=6)
00:52:46.453215 
00:52:46.453215 [/Devices/ahci/0/LUN#0/AttachedDriver/] (level 5)
00:52:46.453218   Driver <string>  = "VD" (cb=3)
00:52:46.453219 
00:52:46.453220 [/Devices/ahci/0/LUN#0/AttachedDriver/Config/] (level 6)
00:52:46.453223   BlockCache <integer> = 0x0000000000000001 (1)
00:52:46.453224   Format     <string>  = "VDI" (cb=4)
00:52:46.453226   Path       <string>  = "C:\Users\Leonardo\VirtualBox VMs\kali\kali.vdi" (cb=47)
00:52:46.453228   Type       <string>  = "HardDisk" (cb=9)
00:52:46.453230   UseNewIo   <integer> = 0x0000000000000001 (1)
00:52:46.453231 
00:52:46.453232 [/Devices/ahci/0/LUN#0/Config/] (level 5)
00:52:46.453234   Mountable <integer> = 0x0000000000000000 (0)
00:52:46.453236   Type      <string>  = "HardDisk" (cb=9)
00:52:46.453238 
00:52:46.453238 [/Devices/ahci/0/LUN#999/] (level 4)
00:52:46.453240   Driver <string>  = "MainStatus" (cb=11)
00:52:46.453242 
00:52:46.453242 [/Devices/ahci/0/LUN#999/Config/] (level 5)
00:52:46.453245   DeviceInstance        <string>  = "ahci/0" (cb=7)
00:52:46.453247   First                 <integer> = 0x0000000000000000 (0)
00:52:46.453249   Last                  <integer> = 0x0000000000000000 (0)
00:52:46.453251   pConsole              <integer> = 0x0000000001996d40 (26 832 192)
00:52:46.453254   papLeds               <integer> = 0x00000000019970b0 (26 833 072)
00:52:46.453256   pmapMediumAttachments <integer> = 0x00000000019973e0 (26 833 888)
00:52:46.453259 
00:52:46.453260 [/Devices/apic/] (level 2)
00:52:46.453261 
00:52:46.453262 [/Devices/apic/0/] (level 3)
00:52:46.453264   Trusted <integer> = 0x0000000000000001 (1)
00:52:46.453266 
00:52:46.453266 [/Devices/apic/0/Config/] (level 4)
00:52:46.453269   IOAPIC  <integer> = 0x0000000000000001 (1)
00:52:46.453270   NumCPUs <integer> = 0x0000000000000002 (2)
00:52:46.453272 
00:52:46.453273 [/Devices/e1000/] (level 2)
00:52:46.453274 
00:52:46.453275 [/Devices/e1000/0/] (level 3)
00:52:46.453277   PCIBusNo      <integer> = 0x0000000000000000 (0)
00:52:46.453279   PCIDeviceNo   <integer> = 0x0000000000000003 (3)
00:52:46.453280   PCIFunctionNo <integer> = 0x0000000000000000 (0)
00:52:46.453282   Trusted       <integer> = 0x0000000000000001 (1)
00:52:46.453284 
00:52:46.453284 [/Devices/e1000/0/Config/] (level 4)
00:52:46.453286   AdapterType    <integer> = 0x0000000000000000 (0)
00:52:46.453288   CableConnected <integer> = 0x0000000000000001 (1)
00:52:46.453290   LineSpeed      <integer> = 0x0000000000000000 (0)
00:52:46.453291   MAC            <bytes>   = "08 00 27 3c 70 32" (cb=6)
00:52:46.453295 
00:52:46.453295 [/Devices/e1000/0/LUN#0/] (level 4)
00:52:46.453298   Driver <string>  = "NAT" (cb=4)
00:52:46.453299 
00:52:46.453299 [/Devices/e1000/0/LUN#0/Config/] (level 5)
00:52:46.453302   AliasMode       <integer> = 0x0000000000000000 (0)
00:52:46.453304   BootFile        <string>  = "kali.pxe" (cb=9)
00:52:46.453306   DNSProxy        <integer> = 0x0000000000000000 (0)
00:52:46.453308   Network         <string>  = "10.0.2.0/24" (cb=12)
00:52:46.453309   PassDomain      <integer> = 0x0000000000000001 (1)
00:52:46.453311   TFTPPrefix      <string>  = "C:\Users\Leonardo/.VirtualBox\TFTP" (cb=35)
00:52:46.453313   UseHostResolver <integer> = 0x0000000000000000 (0)
00:52:46.453315 
00:52:46.453315 [/Devices/e1000/0/LUN#999/] (level 4)
00:52:46.453318   Driver <string>  = "MainStatus" (cb=11)
00:52:46.453319 
00:52:46.453320 [/Devices/e1000/0/LUN#999/Config/] (level 5)
00:52:46.453322   First   <integer> = 0x0000000000000000 (0)
00:52:46.453324   Last    <integer> = 0x0000000000000000 (0)
00:52:46.453325   papLeds <integer> = 0x00000000019972a0 (26 833 568)
00:52:46.453328 
00:52:46.453328 [/Devices/i8254/] (level 2)
00:52:46.453330 
00:52:46.453331 [/Devices/i8254/0/] (level 3)
00:52:46.453333 
00:52:46.453333 [/Devices/i8254/0/Config/] (level 4)
00:52:46.453335 
00:52:46.453336 [/Devices/i8259/] (level 2)
00:52:46.453338 
00:52:46.453338 [/Devices/i8259/0/] (level 3)
00:52:46.453340   Trusted <integer> = 0x0000000000000001 (1)
00:52:46.453342 
00:52:46.453343 [/Devices/i8259/0/Config/] (level 4)
00:52:46.453345 
00:52:46.453345 [/Devices/ichac97/] (level 2)
00:52:46.453347 
00:52:46.453348 [/Devices/ichac97/0/] (level 3)
00:52:46.453349   PCIBusNo      <integer> = 0x0000000000000000 (0)
00:52:46.453351   PCIDeviceNo   <integer> = 0x0000000000000005 (5)
00:52:46.453353   PCIFunctionNo <integer> = 0x0000000000000000 (0)
00:52:46.453354   Trusted       <integer> = 0x0000000000000001 (1)
00:52:46.453356 
00:52:46.453357 [/Devices/ichac97/0/AudioConfig/] (level 4)
00:52:46.453359 
00:52:46.453360 [/Devices/ichac97/0/Config/] (level 4)
00:52:46.453362   Codec <string>  = "AD1980" (cb=7)
00:52:46.453363 
00:52:46.453364 [/Devices/ichac97/0/LUN#0/] (level 4)
00:52:46.453366   Driver <string>  = "AUDIO" (cb=6)
00:52:46.453367 
00:52:46.453368 [/Devices/ichac97/0/LUN#0/AttachedDriver/] (level 5)
00:52:46.453370   Driver <string>  = "DSoundAudio" (cb=12)
00:52:46.453372 
00:52:46.453372 [/Devices/ichac97/0/LUN#0/AttachedDriver/Config/] (level 6)
00:52:46.453375   StreamName <string>  = "kali" (cb=5)
00:52:46.453376 
00:52:46.453377 [/Devices/ichac97/0/LUN#0/Config/] (level 5)
00:52:46.453379 
00:52:46.453380 [/Devices/ichac97/0/LUN#1/] (level 4)
00:52:46.453382   Driver <string>  = "AUDIO" (cb=6)
00:52:46.453383 
00:52:46.453384 [/Devices/ichac97/0/LUN#1/AttachedDriver/] (level 5)
00:52:46.453386   Driver <string>  = "AudioVRDE" (cb=10)
00:52:46.453388 
00:52:46.453388 [/Devices/ichac97/0/LUN#1/AttachedDriver/Config/] (level 6)
00:52:46.453391   AudioDriver      <string>  = "AudioVRDE" (cb=10)
00:52:46.453393   Object           <integer> = 0x000000000199ea60 (26 864 224)
00:52:46.453395   ObjectVRDPServer <integer> = 0x000000000199ede0 (26 865 120)
00:52:46.453398   StreamName       <string>  = "kali" (cb=5)
00:52:46.453399 
00:52:46.453400 [/Devices/ioapic/] (level 2)
00:52:46.453402 
00:52:46.453402 [/Devices/ioapic/0/] (level 3)
00:52:46.453404   Trusted <integer> = 0x0000000000000001 (1)
00:52:46.453406 
00:52:46.453406 [/Devices/ioapic/0/Config/] (level 4)
00:52:46.453409   NumCPUs <integer> = 0x0000000000000002 (2)
00:52:46.453411 
00:52:46.453412 [/Devices/mc146818/] (level 2)
00:52:46.453415 
00:52:46.453419 [/Devices/mc146818/0/] (level 3)
00:52:46.453422 
00:52:46.453423 [/Devices/mc146818/0/Config/] (level 4)
00:52:46.453426   UseUTC <integer> = 0x0000000000000001 (1)
00:52:46.453429 
00:52:46.453430 [/Devices/parallel/] (level 2)
00:52:46.453432 
00:52:46.453432 [/Devices/pcarch/] (level 2)
00:52:46.453434 
00:52:46.453434 [/Devices/pcarch/0/] (level 3)
00:52:46.453436   Trusted <integer> = 0x0000000000000001 (1)
00:52:46.453438 
00:52:46.453439 [/Devices/pcarch/0/Config/] (level 4)
00:52:46.453441 
00:52:46.453441 [/Devices/pcbios/] (level 2)
00:52:46.453443 
00:52:46.453444 [/Devices/pcbios/0/] (level 3)
00:52:46.453445   Trusted <integer> = 0x0000000000000001 (1)
00:52:46.453447 
00:52:46.453448 [/Devices/pcbios/0/Config/] (level 4)
00:52:46.453451   BootDevice0        <string>  = "FLOPPY" (cb=7)
00:52:46.453452   BootDevice1        <string>  = "DVD" (cb=4)
00:52:46.453454   BootDevice2        <string>  = "IDE" (cb=4)
00:52:46.453456   BootDevice3        <string>  = "NONE" (cb=5)
00:52:46.453457   FloppyDevice       <string>  = "i82078" (cb=7)
00:52:46.453459   HardDiskDevice     <string>  = "piix3ide" (cb=9)
00:52:46.453461   IOAPIC             <integer> = 0x0000000000000001 (1)
00:52:46.453463   McfgBase           <integer> = 0x0000000000000000 (0)
00:52:46.453464   McfgLength         <integer> = 0x0000000000000000 (0)
00:52:46.453466   NumCPUs            <integer> = 0x0000000000000002 (2)
00:52:46.453468   PXEDebug           <integer> = 0x0000000000000000 (0)
00:52:46.453470   RamHoleSize        <integer> = 0x0000000020000000 (536 870 912, 512 MB)
00:52:46.453473   RamSize            <integer> = 0x0000000080000000 (2 147 483 648, 2 048 MB)
00:52:46.453477   SataHardDiskDevice <string>  = "ahci" (cb=5)
00:52:46.453478   SataLUN1           <integer> = 0x0000000000000000 (0)
00:52:46.453480   UUID               <bytes>   = "d0 cf 36 07 31 0b d8 41 89 08 67 f1 c8 d4 7f fc" (cb=16)
00:52:46.453485 
00:52:46.453486 [/Devices/pcbios/0/Config/NetBoot/] (level 5)
00:52:46.453488 
00:52:46.453489 [/Devices/pcbios/0/Config/NetBoot/0/] (level 6)
00:52:46.453491   NIC           <integer> = 0x0000000000000000 (0)
00:52:46.453493   PCIBusNo      <integer> = 0x0000000000000000 (0)
00:52:46.453495   PCIDeviceNo   <integer> = 0x0000000000000003 (3)
00:52:46.453496   PCIFunctionNo <integer> = 0x0000000000000000 (0)
00:52:46.453498 
00:52:46.453499 [/Devices/pci/] (level 2)
00:52:46.453501 
00:52:46.453501 [/Devices/pci/0/] (level 3)
00:52:46.453503   Trusted <integer> = 0x0000000000000001 (1)
00:52:46.453504 
00:52:46.453505 [/Devices/pci/0/Config/] (level 4)
00:52:46.453507   IOAPIC <integer> = 0x0000000000000001 (1)
00:52:46.453509 
00:52:46.453509 [/Devices/pckbd/] (level 2)
00:52:46.453511 
00:52:46.453512 [/Devices/pckbd/0/] (level 3)
00:52:46.453514   Trusted <integer> = 0x0000000000000001 (1)
00:52:46.453515 
00:52:46.453516 [/Devices/pckbd/0/Config/] (level 4)
00:52:46.453518 
00:52:46.453518 [/Devices/pckbd/0/LUN#0/] (level 4)
00:52:46.453521   Driver <string>  = "KeyboardQueue" (cb=14)
00:52:46.453522 
00:52:46.453523 [/Devices/pckbd/0/LUN#0/AttachedDriver/] (level 5)
00:52:46.453526   Driver <string>  = "MainKeyboard" (cb=13)
00:52:46.453527 
00:52:46.453528 [/Devices/pckbd/0/LUN#0/AttachedDriver/Config/] (level 6)
00:52:46.453530   Object <integer> = 0x0000000001950b70 (26 545 008)
00:52:46.453533 
00:52:46.453533 [/Devices/pckbd/0/LUN#0/Config/] (level 5)
00:52:46.453536   QueueSize <integer> = 0x0000000000000040 (64)
00:52:46.453538 
00:52:46.453538 [/Devices/pckbd/0/LUN#1/] (level 4)
00:52:46.453540   Driver <string>  = "MouseQueue" (cb=11)
00:52:46.453542 
00:52:46.453542 [/Devices/pckbd/0/LUN#1/AttachedDriver/] (level 5)
00:52:46.453545   Driver <string>  = "MainMouse" (cb=10)
00:52:46.453546 
00:52:46.453547 [/Devices/pckbd/0/LUN#1/AttachedDriver/Config/] (level 6)
00:52:46.453549   Object <integer> = 0x0000000001994dd0 (26 824 144)
00:52:46.453552 
00:52:46.453552 [/Devices/pckbd/0/LUN#1/Config/] (level 5)
00:52:46.453554   QueueSize <integer> = 0x0000000000000080 (128)
00:52:46.453556 
00:52:46.453557 [/Devices/pcnet/] (level 2)
00:52:46.453559 
00:52:46.453559 [/Devices/piix3ide/] (level 2)
00:52:46.453561 
00:52:46.453562 [/Devices/piix3ide/0/] (level 3)
00:52:46.453564   PCIBusNo      <integer> = 0x0000000000000000 (0)
00:52:46.453566   PCIDeviceNo   <integer> = 0x0000000000000001 (1)
00:52:46.453567   PCIFunctionNo <integer> = 0x0000000000000001 (1)
00:52:46.453569   Trusted       <integer> = 0x0000000000000001 (1)
00:52:46.453571 
00:52:46.453571 [/Devices/piix3ide/0/Config/] (level 4)
00:52:46.453574   Type <string>  = "PIIX4" (cb=6)
00:52:46.453575 
00:52:46.453576 [/Devices/piix3ide/0/Config/SecondaryMaster/] (level 5)
00:52:46.453578   NonRotationalMedium <integer> = 0x0000000000000000 (0)
00:52:46.453580 
00:52:46.453580 [/Devices/piix3ide/0/LUN#2/] (level 4)
00:52:46.453583   Driver <string>  = "Block" (cb=6)
00:52:46.453584 
00:52:46.453585 [/Devices/piix3ide/0/LUN#2/Config/] (level 5)
00:52:46.453587   Mountable <integer> = 0x0000000000000001 (1)
00:52:46.453589   Type      <string>  = "DVD" (cb=4)
00:52:46.453590 
00:52:46.453591 [/Devices/piix3ide/0/LUN#999/] (level 4)
00:52:46.453593   Driver <string>  = "MainStatus" (cb=11)
00:52:46.453594 
00:52:46.453595 [/Devices/piix3ide/0/LUN#999/Config/] (level 5)
00:52:46.453597   DeviceInstance        <string>  = "piix3ide/0" (cb=11)
00:52:46.453600   First                 <integer> = 0x0000000000000000 (0)
00:52:46.453602   Last                  <integer> = 0x0000000000000003 (3)
00:52:46.453604   pConsole              <integer> = 0x0000000001996d40 (26 832 192)
00:52:46.453606   papLeds               <integer> = 0x0000000001997090 (26 833 040)
00:52:46.453609   pmapMediumAttachments <integer> = 0x00000000019973e0 (26 833 888)
00:52:46.453611 
00:52:46.453612 [/Devices/serial/] (level 2)
00:52:46.453613 
00:52:46.453614 [/Devices/usb-ohci/] (level 2)
00:52:46.453616 
00:52:46.453616 [/Devices/usb-ohci/0/] (level 3)
00:52:46.453618   PCIBusNo      <integer> = 0x0000000000000000 (0)
00:52:46.453620   PCIDeviceNo   <integer> = 0x0000000000000006 (6)
00:52:46.453622   PCIFunctionNo <integer> = 0x0000000000000000 (0)
00:52:46.453623   Trusted       <integer> = 0x0000000000000001 (1)
00:52:46.453625 
00:52:46.453625 [/Devices/usb-ohci/0/Config/] (level 4)
00:52:46.453627 
00:52:46.453628 [/Devices/usb-ohci/0/LUN#0/] (level 4)
00:52:46.453630   Driver <string>  = "VUSBRootHub" (cb=12)
00:52:46.453632 
00:52:46.453632 [/Devices/usb-ohci/0/LUN#0/Config/] (level 5)
00:52:46.453635 
00:52:46.453635 [/Devices/usb-ohci/0/LUN#999/] (level 4)
00:52:46.453637   Driver <string>  = "MainStatus" (cb=11)
00:52:46.453639 
00:52:46.453639 [/Devices/usb-ohci/0/LUN#999/Config/] (level 5)
00:52:46.453642   First   <integer> = 0x0000000000000000 (0)
00:52:46.453643   Last    <integer> = 0x0000000000000000 (0)
00:52:46.453645   papLeds <integer> = 0x00000000019973c8 (26 833 864)
00:52:46.453647 
00:52:46.453648 [/Devices/vga/] (level 2)
00:52:46.453649 
00:52:46.453650 [/Devices/vga/0/] (level 3)
00:52:46.453652   PCIBusNo      <integer> = 0x0000000000000000 (0)
00:52:46.453654   PCIDeviceNo   <integer> = 0x0000000000000002 (2)
00:52:46.453655   PCIFunctionNo <integer> = 0x0000000000000000 (0)
00:52:46.453657   Trusted       <integer> = 0x0000000000000001 (1)
00:52:46.453658 
00:52:46.453659 [/Devices/vga/0/Config/] (level 4)
00:52:46.453661   CustomVideoModes <integer> = 0x0000000000000000 (0)
00:52:46.453663   FadeIn           <integer> = 0x0000000000000001 (1)
00:52:46.453664   FadeOut          <integer> = 0x0000000000000001 (1)
00:52:46.453666   HeightReduction  <integer> = 0x0000000000000000 (0)
00:52:46.453668   LogoFile         <string>  = "" (cb=1)
00:52:46.453669   LogoTime         <integer> = 0x0000000000000000 (0)
00:52:46.453671   MonitorCount     <integer> = 0x0000000000000001 (1)
00:52:46.453673   ShowBootMenu     <integer> = 0x0000000000000002 (2)
00:52:46.453675   VRamSize         <integer> = 0x0000000008000000 (134 217 728, 128 MB)
00:52:46.453678 
00:52:46.453678 [/Devices/vga/0/LUN#0/] (level 4)
00:52:46.453680   Driver <string>  = "MainDisplay" (cb=12)
00:52:46.453682 
00:52:46.453682 [/Devices/vga/0/LUN#0/Config/] (level 5)
00:52:46.453685   Object <integer> = 0x0000000001997f30 (26 836 784)
00:52:46.453687 
00:52:46.453687 [/Devices/vga/0/LUN#999/] (level 4)
00:52:46.453689   Driver <string>  = "MainStatus" (cb=11)
00:52:46.453691 
00:52:46.453691 [/Devices/vga/0/LUN#999/Config/] (level 5)
00:52:46.453694   First   <integer> = 0x0000000000000000 (0)
00:52:46.453695   Last    <integer> = 0x0000000000000000 (0)
00:52:46.453697   papLeds <integer> = 0x00000000019973d8 (26 833 880)
00:52:46.453699 
00:52:46.453700 [/Devices/virtio-net/] (level 2)
00:52:46.453702 
00:52:46.453702 [/EM/] (level 1)
00:52:46.453704   TripleFaultReset <integer> = 0x0000000000000000 (0)
00:52:46.453705 
00:52:46.453706 [/GIM/] (level 1)
00:52:46.453708   Provider <string>  = "KVM" (cb=4)
00:52:46.453709 
00:52:46.453710 [/HM/] (level 1)
00:52:46.453711   64bitEnabled       <integer> = 0x0000000000000001 (1)
00:52:46.453713   EnableLargePages   <integer> = 0x0000000000000001 (1)
00:52:46.453715   EnableNestedPaging <integer> = 0x0000000000000001 (1)
00:52:46.453716   EnableUX           <integer> = 0x0000000000000001 (1)
00:52:46.453718   EnableVPID         <integer> = 0x0000000000000001 (1)
00:52:46.453720   Exclusive          <integer> = 0x0000000000000000 (0)
00:52:46.453721   HMForced           <integer> = 0x0000000000000001 (1)
00:52:46.453723 
00:52:46.453724 [/MM/] (level 1)
00:52:46.453725   CanUseLargerHeap <integer> = 0x0000000000000000 (0)
00:52:46.453727 
00:52:46.453727 [/PDM/] (level 1)
00:52:46.453729 
00:52:46.453729 [/PDM/AsyncCompletion/] (level 2)
00:52:46.453731 
00:52:46.453732 [/PDM/AsyncCompletion/File/] (level 3)
00:52:46.453734 
00:52:46.453734 [/PDM/AsyncCompletion/File/BwGroups/] (level 4)
00:52:46.453737 
00:52:46.453737 [/PDM/BlkCache/] (level 2)
00:52:46.453739   CacheSize <integer> = 0x0000000000500000 (5 242 880, 5 MB)
00:52:46.453742 
00:52:46.453742 [/PDM/Devices/] (level 2)
00:52:46.453744 
00:52:46.453745 [/PDM/Drivers/] (level 2)
00:52:46.453746 
00:52:46.453747 [/PDM/Drivers/VBoxC/] (level 3)
00:52:46.453749   Path <string>  = "VBoxC" (cb=6)
00:52:46.453750 
00:52:46.453751 [/PDM/NetworkShaper/] (level 2)
00:52:46.453753 
00:52:46.453753 [/PDM/NetworkShaper/BwGroups/] (level 3)
00:52:46.453755 
00:52:46.453756 [/TM/] (level 1)
00:52:46.453757   UTCOffset <integer> = 0x0000000000000000 (0)
00:52:46.453759 
00:52:46.453759 [/USB/] (level 1)
00:52:46.453761 
00:52:46.453761 [/USB/HidMouse/] (level 2)
00:52:46.453763 
00:52:46.453764 [/USB/HidMouse/0/] (level 3)
00:52:46.453766 
00:52:46.453766 [/USB/HidMouse/0/Config/] (level 4)
00:52:46.453768   Mode <string>  = "absolute" (cb=9)
00:52:46.453769 
00:52:46.453770 [/USB/HidMouse/0/LUN#0/] (level 4)
00:52:46.453772   Driver <string>  = "MouseQueue" (cb=11)
00:52:46.453774 
00:52:46.453774 [/USB/HidMouse/0/LUN#0/AttachedDriver/] (level 5)
00:52:46.453777   Driver <string>  = "MainMouse" (cb=10)
00:52:46.453778 
00:52:46.453779 [/USB/HidMouse/0/LUN#0/AttachedDriver/Config/] (level 6)
00:52:46.453781   Object <integer> = 0x0000000001994dd0 (26 824 144)
00:52:46.453783 
00:52:46.453784 [/USB/HidMouse/0/LUN#0/Config/] (level 5)
00:52:46.453786   QueueSize <integer> = 0x0000000000000080 (128)
00:52:46.453788 
00:52:46.453789 [/USB/USBProxy/] (level 2)
00:52:46.453790 
00:52:46.453791 [/USB/USBProxy/GlobalConfig/] (level 3)
00:52:46.453793 
00:52:46.453794 ********************* End of CFGM dump **********************
00:52:46.453813 VM: fHMEnabled=true  (configured) fRecompileUser=false fRecompileSupervisor=false
00:52:46.453817 VM: fRawRing1Enabled=false CSAM=true  PATM=true 
00:52:46.454139 HM: HMR3Init: VT-x w/ nested paging and unrestricted guest execution hw support
00:52:46.454269 MM: cbHyperHeap=0x140000 (1310720)
00:52:46.456527 CPUM: fXStateHostMask=0x7; initial: 0x7; host XCR0=0x7
00:52:46.459959 CPUM: Matched host CPU INTEL 0x6/0x3a/0x9 Intel_Core7_IvyBridge with CPU DB entry 'Intel Core i5-3570' (INTEL 0x6/0x3a/0x9 Intel_Core7_IvyBridge)
00:52:46.462150 PGM: HCPhysInterPD=00000000d8d25000 HCPhysInterPaePDPT=00000000d8d22000 HCPhysInterPaePML4=00000000d8d20000
00:52:46.462180 PGM: apInterPTs={00000000d8d24000,00000000d8d23000} apInterPaePTs={000000020d470000,00000001f57f1000} apInterPaePDs={0000000091bb2000,000000012b9b3000,0000000182234000,00000001bb4b5000} pInterPaePDPT64=00000000d8d21000
00:52:46.462202 PGM: Host paging mode: AMD64+PGE+NX
00:52:46.462224 PGM: PGMPool: cMaxPages=1072 (u64MaxPages=1058)
00:52:46.462238 PGM: pgmR3PoolInit: cMaxPages=0x430 cMaxUsers=0x860 cMaxPhysExts=0x860 fCacheEnable=true 
00:52:46.502873 TM: GIP - u32Mode=3 (Invariant) u32UpdateHz=93 u32UpdateIntervalNS=10752500 enmUseTscDelta=2 (Pratically Zero) fGetGipCpu=0x3 cCpus=4
00:52:46.502924 TM: GIP - u64CpuHz=2 594 119 626 (0x9a9f1fca)  SUPGetCpuHzFromGip => 2 594 119 626
00:52:46.502942 TM: GIP - CPU: iCpuSet=0x0 idCpu=0x0 idApic=0x0 iGipCpu=0x1 i64TSCDelta=0 enmState=3 u64CpuHz=2594114703(*) cErrors=0
00:52:46.502959 TM: GIP - CPU: iCpuSet=0x1 idCpu=0x1 idApic=0x1 iGipCpu=0x3 i64TSCDelta=0 enmState=3 u64CpuHz=2594118858(*) cErrors=0
00:52:46.502974 TM: GIP - CPU: iCpuSet=0x2 idCpu=0x2 idApic=0x2 iGipCpu=0x2 i64TSCDelta=0 enmState=3 u64CpuHz=2594116537(*) cErrors=0
00:52:46.503090 TM: GIP - CPU: iCpuSet=0x3 idCpu=0x3 idApic=0x3 iGipCpu=0x0 i64TSCDelta=0 enmState=3 u64CpuHz=2594119626(*) cErrors=0
00:52:46.503228 TM: cTSCTicksPerSecond=2 594 119 626 (0x9a9f1fca) enmTSCMode=1 (VirtTscEmulated)
00:52:46.503234 TM: TSCTiedToExecution=false TSCNotTiedToHalt=false
00:52:46.504318 VMM: CoreCode: R3=00000000050c0000 R0=ffffd000888e1000 RC=a09b0000 Phys=00000000d8d04000 cb=0x1000
00:52:46.505141 GIM: Using provider 'KVM' (Implementation version: 0)
00:52:46.505167 CPUM: SetGuestCpuIdFeature: Enabled Hypervisor Present bit
00:52:46.505328 AIOMgr: Default manager type is 'Async'
00:52:46.505345 AIOMgr: Default file backend is 'NonBuffered'
00:52:46.505648 BlkCache: Cache successfully initialized. Cache size is 5242880 bytes
00:52:46.505665 BlkCache: Cache commit interval is 10000 ms
00:52:46.505676 BlkCache: Cache commit threshold is 2621440 bytes
00:52:46.564226 supR3HardenedErrorV: supR3HardenedScreenImage/Imports: rc=VERR_ASN1_CURSOR_TAG_MISMATCH fImage=1 fProtect=0x0 fAccess=0x0 \Device\HarddiskVolume2\Windows\System32\ci.dll: WinCert.CI.Content.SignedData.SignerInfos.paItems[#].UnauthenticatedAttributes.paItems[#].uValues.pContentInfos.paItems[#].Content.SignedData.ContentInfo.CmsContent.TstInfo.Accuracy.Seconds: Unexpected INTEGER type/flags: 0x0/0x80 (expected 0x2/0x0): \Device\HarddiskVolume2\Windows\System32\ci.dll
00:52:47.122871 PcBios: [SMP] BIOS with 2 CPUs
00:52:47.123177 PcBios: MPS table at 000e1300
00:52:47.148339 SUP: Loaded VBoxDDR0.r0 (C:\Program Files\Oracle\VirtualBox\VBoxDDR0.r0) at 0xfffff8006a210000 - ModuleInit at 0000000000000000 and ModuleTerm at 0000000000000000 using the native ring-0 loader
00:52:47.148370 SUP: windbg> .reload /f C:\Program Files\Oracle\VirtualBox\VBoxDDR0.r0=0xfffff8006a210000
00:52:47.166070 SUP: Loaded VBoxDD2R0.r0 (C:\Program Files\Oracle\VirtualBox\VBoxDD2R0.r0) at 0xfffff8006a240000 - ModuleInit at 0000000000000000 and ModuleTerm at 0000000000000000 using the native ring-0 loader
00:52:47.166102 SUP: windbg> .reload /f C:\Program Files\Oracle\VirtualBox\VBoxDD2R0.r0=0xfffff8006a240000
00:52:47.166257 APIC: Activating Local APIC
00:52:47.166269 CPUM: SetGuestCpuIdFeature: Enabled APIC
00:52:47.167425 PIT: mode=3 count=0x10000 (65536) - 18.20 Hz (ch=0)
00:52:47.186087 Shared Folders service loaded
00:52:47.249364 DrvBlock: Flushes will be ignored
00:52:47.249408 DrvBlock: Async flushes will be passed to the disk
00:52:47.249861 VD: VDInit finished
00:52:47.252459 AIOMgr: Endpoint for file 'C:\Users\Leonardo\VirtualBox VMs\kali\kali.vdi' (flags 000c0723) created successfully
00:52:47.286769 VD: Opening the disk took 37309993 ns
00:52:47.286891 AHCI: LUN#0: disk, PCHS=16383/16/63, total number of sectors 104857600
00:52:47.286916 AHCI: LUN#0: using async I/O
00:52:47.287267 AHCI#0: Reset the HBA
00:52:47.287837 PIIX3 ATA: LUN#0: no unit
00:52:47.287859 PIIX3 ATA: LUN#1: no unit
00:52:47.287990 DrvBlock: Flushes will be ignored
00:52:47.288009 DrvBlock: Async flushes will be passed to the disk
00:52:47.288269 PIIX3 ATA: LUN#2: CD/DVD, total number of sectors 0, passthrough disabled
00:52:47.288303 PIIX3 ATA: LUN#3: no unit
00:52:47.288355 PIIX3 ATA: Ctl#0: finished processing RESET
00:52:47.288381 PIIX3 ATA: Ctl#1: finished processing RESET
00:52:47.306229 NAT: DNS#0: 192.168.0.1
00:52:47.306273 NAT: DNS#1: 8.8.8.8
00:52:47.306284 NAT: DNS#2: 208.67.222.222
00:52:47.307309 Audio: Initializing DirectSound audio driver
00:52:47.468221 DSound: Output: GUID: {6229E52D-0EEA-4BBF-9DE4-36A7C1B04CA4} [Alto-falantes (Realtek High Definition Audio)] (Module: {0.0.0.00000000}.{6229e52d-0eea-4bbf-9de4-36a7c1b04ca4})
00:52:47.468278 DSound: Found 1 host playback devices
00:52:47.695713 DSound: Input: GUID: {A885DC6D-4D17-4FBC-A73F-51A821F91CFE} [Microfone (Realtek High Definition Audio)] (Module: {0.0.1.00000000}.{a885dc6d-4d17-4fbc-a73f-51a821f91cfe})
00:52:47.695748 DSound: Found 1 host capturing devices
00:52:47.695759 DSound: Adjusting the number of host capturing devices from 1 to 2
00:52:47.696661 Audio: Initializing VRDE driver
00:52:47.697196 DSound: Guest "Line In" is using host device with GUID: NULL
00:52:47.745211 DSound: Guest "Microphone In" is using host device with GUID: {A885DC6D-4D17-4FBC-A73F-51A821F91CFE}
00:52:47.753389 VUSB: Attached 'HidMouse' to port 1
00:52:47.760051 PcBios: SATA LUN#0 LCHS=1024/255/63
00:52:47.760227 PGM: The CPU physical address width is 36 bits
00:52:47.760243 PGM: PGMR3InitFinalize: 4 MB PSE mask 0000000fffffffff
00:52:47.760656 TM: TMR3InitFinalize: fTSCModeSwitchAllowed=true 
00:52:47.816231 VMM: Thread-context hooks unavailable
00:52:47.817214 HM: Using VT-x implementation 2.0!
00:52:47.817219 HM: Host CR4                        = 0x1506f8
00:52:47.817223 HM: Host EFER                       = 0xd01
00:52:47.817225 HM: MSR_IA32_FEATURE_CONTROL        = 0x5
00:52:47.817226 HM: MSR_IA32_VMX_BASIC_INFO         = 0xda040000000010
00:52:47.817229 HM:   VMCS id                             = 0x10
00:52:47.817231 HM:   VMCS size                           = 1024 bytes
00:52:47.817232 HM:   VMCS physical address limit         = None
00:52:47.817234 HM:   VMCS memory type                    = 0x6
00:52:47.817235 HM:   Dual-monitor treatment support      = true 
00:52:47.817237 HM:   OUTS & INS instruction-info         = true 
00:52:47.817239 HM: Max resume loops                = 1024
00:52:47.817240 HM: MSR_IA32_VMX_PINBASED_CTLS      = 0x7f00000016
00:52:47.817242 HM:   VMX_VMCS_CTRL_PIN_EXEC_EXT_INT_EXIT
00:52:47.817243 HM:   VMX_VMCS_CTRL_PIN_EXEC_NMI_EXIT
00:52:47.817244 HM:   VMX_VMCS_CTRL_PIN_EXEC_VIRTUAL_NMI
00:52:47.817248 HM:   VMX_VMCS_CTRL_PIN_EXEC_PREEMPT_TIMER
00:52:47.817249 HM: MSR_IA32_VMX_PROCBASED_CTLS     = 0xfff9fffe0401e172
00:52:47.817252 HM:   VMX_VMCS_CTRL_PROC_EXEC_INT_WINDOW_EXIT
00:52:47.817253 HM:   VMX_VMCS_CTRL_PROC_EXEC_USE_TSC_OFFSETTING
00:52:47.817254 HM:   VMX_VMCS_CTRL_PROC_EXEC_HLT_EXIT
00:52:47.817255 HM:   VMX_VMCS_CTRL_PROC_EXEC_INVLPG_EXIT
00:52:47.817256 HM:   VMX_VMCS_CTRL_PROC_EXEC_MWAIT_EXIT
00:52:47.817257 HM:   VMX_VMCS_CTRL_PROC_EXEC_RDPMC_EXIT
00:52:47.817258 HM:   VMX_VMCS_CTRL_PROC_EXEC_RDTSC_EXIT
00:52:47.817259 HM:   VMX_VMCS_CTRL_PROC_EXEC_CR3_LOAD_EXIT (must be set)
00:52:47.817260 HM:   VMX_VMCS_CTRL_PROC_EXEC_CR3_STORE_EXIT (must be set)
00:52:47.817261 HM:   VMX_VMCS_CTRL_PROC_EXEC_CR8_LOAD_EXIT
00:52:47.817262 HM:   VMX_VMCS_CTRL_PROC_EXEC_CR8_STORE_EXIT
00:52:47.817263 HM:   VMX_VMCS_CTRL_PROC_EXEC_USE_TPR_SHADOW
00:52:47.817264 HM:   VMX_VMCS_CTRL_PROC_EXEC_NMI_WINDOW_EXIT
00:52:47.817265 HM:   VMX_VMCS_CTRL_PROC_EXEC_MOV_DR_EXIT
00:52:47.817266 HM:   VMX_VMCS_CTRL_PROC_EXEC_UNCOND_IO_EXIT
00:52:47.817267 HM:   VMX_VMCS_CTRL_PROC_EXEC_USE_IO_BITMAPS
00:52:47.817268 HM:   VMX_VMCS_CTRL_PROC_EXEC_MONITOR_TRAP_FLAG
00:52:47.817269 HM:   VMX_VMCS_CTRL_PROC_EXEC_USE_MSR_BITMAPS
00:52:47.817270 HM:   VMX_VMCS_CTRL_PROC_EXEC_MONITOR_EXIT
00:52:47.817271 HM:   VMX_VMCS_CTRL_PROC_EXEC_PAUSE_EXIT
00:52:47.817272 HM:   VMX_VMCS_CTRL_PROC_EXEC_USE_SECONDARY_EXEC_CTRL
00:52:47.817273 HM: MSR_IA32_VMX_PROCBASED_CTLS2    = 0x8ff00000000
00:52:47.817275 HM:   VMX_VMCS_CTRL_PROC_EXEC2_VIRT_APIC
00:52:47.817279 HM:   VMX_VMCS_CTRL_PROC_EXEC2_EPT
00:52:47.817280 HM:   VMX_VMCS_CTRL_PROC_EXEC2_DESCRIPTOR_TABLE_EXIT
00:52:47.817281 HM:   VMX_VMCS_CTRL_PROC_EXEC2_RDTSCP
00:52:47.817282 HM:   VMX_VMCS_CTRL_PROC_EXEC2_VIRT_X2APIC
00:52:47.817283 HM:   VMX_VMCS_CTRL_PROC_EXEC2_VPID
00:52:47.817284 HM:   VMX_VMCS_CTRL_PROC_EXEC2_WBINVD_EXIT
00:52:47.817285 HM:   VMX_VMCS_CTRL_PROC_EXEC2_UNRESTRICTED_GUEST
00:52:47.817286 HM:   VMX_VMCS_CTRL_PROC_EXEC2_PAUSE_LOOP_EXIT (must be cleared)
00:52:47.817287 HM:   VMX_VMCS_CTRL_PROC_EXEC2_RDRAND_EXIT
00:52:47.817288 HM:   VMX_VMCS_CTRL_PROC_EXEC2_INVPCID (must be cleared)
00:52:47.817289 HM:   VMX_VMCS_CTRL_PROC_EXEC2_VMFUNC (must be cleared)
00:52:47.817290 HM:   VMX_VMCS_CTRL_PROC_EXEC2_VMCS_SHADOWING (must be cleared)
00:52:47.817294 HM:   VMX_VMCS_CTRL_PROC_EXEC2_RDSEED_EXIT (must be cleared)
00:52:47.817295 HM:   VMX_VMCS_CTRL_PROC_EXEC2_EPT_VE (must be cleared)
00:52:47.817296 HM:   VMX_VMCS_CTRL_PROC_EXEC2_XSAVES (must be cleared)
00:52:47.817297 HM: MSR_IA32_VMX_ENTRY_CTLS         = 0xffff000011ff
00:52:47.817299 HM:   VMX_VMCS_CTRL_ENTRY_LOAD_DEBUG (must be set)
00:52:47.817300 HM:   VMX_VMCS_CTRL_ENTRY_IA32E_MODE_GUEST
00:52:47.817301 HM:   VMX_VMCS_CTRL_ENTRY_ENTRY_SMM
00:52:47.817302 HM:   VMX_VMCS_CTRL_ENTRY_DEACTIVATE_DUALMON
00:52:47.817303 HM:   VMX_VMCS_CTRL_ENTRY_LOAD_GUEST_PERF_MSR
00:52:47.817304 HM:   VMX_VMCS_CTRL_ENTRY_LOAD_GUEST_PAT_MSR
00:52:47.817305 HM:   VMX_VMCS_CTRL_ENTRY_LOAD_GUEST_EFER_MSR
00:52:47.817306 HM: MSR_IA32_VMX_EXIT_CTLS          = 0x7fffff00036dff
00:52:47.817309 HM:   VMX_VMCS_CTRL_EXIT_SAVE_DEBUG (must be set)
00:52:47.817312 HM:   VMX_VMCS_CTRL_EXIT_HOST_ADDR_SPACE_SIZE
00:52:47.817313 HM:   VMX_VMCS_CTRL_EXIT_LOAD_PERF_MSR
00:52:47.817314 HM:   VMX_VMCS_CTRL_EXIT_ACK_EXT_INT
00:52:47.817315 HM:   VMX_VMCS_CTRL_EXIT_SAVE_GUEST_PAT_MSR
00:52:47.817316 HM:   VMX_VMCS_CTRL_EXIT_LOAD_HOST_PAT_MSR
00:52:47.817317 HM:   VMX_VMCS_CTRL_EXIT_SAVE_GUEST_EFER_MSR
00:52:47.817318 HM:   VMX_VMCS_CTRL_EXIT_LOAD_HOST_EFER_MSR
00:52:47.817319 HM:   VMX_VMCS_CTRL_EXIT_SAVE_VMX_PREEMPT_TIMER
00:52:47.817320 HM: MSR_IA32_VMX_EPT_VPID_CAP       = 0xf0106114141
00:52:47.817322 HM:   MSR_IA32_VMX_EPT_VPID_CAP_RWX_X_ONLY
00:52:47.817323 HM:   MSR_IA32_VMX_EPT_VPID_CAP_GAW_48_BITS
00:52:47.817324 HM:   MSR_IA32_VMX_EPT_VPID_CAP_EMT_UC
00:52:47.817325 HM:   MSR_IA32_VMX_EPT_VPID_CAP_EMT_WB
00:52:47.817326 HM:   MSR_IA32_VMX_EPT_VPID_CAP_SP_21_BITS
00:52:47.817327 HM:   MSR_IA32_VMX_EPT_VPID_CAP_INVEPT
00:52:47.817328 HM:   MSR_IA32_VMX_EPT_VPID_CAP_INVEPT_SINGLE_CONTEXT
00:52:47.817329 HM:   MSR_IA32_VMX_EPT_VPID_CAP_INVEPT_ALL_CONTEXTS
00:52:47.817330 HM:   MSR_IA32_VMX_EPT_VPID_CAP_INVVPID
00:52:47.817331 HM:   MSR_IA32_VMX_EPT_VPID_CAP_INVVPID_INDIV_ADDR
00:52:47.817332 HM:   MSR_IA32_VMX_EPT_VPID_CAP_INVVPID_SINGLE_CONTEXT
00:52:47.817334 HM:   MSR_IA32_VMX_EPT_VPID_CAP_INVVPID_ALL_CONTEXTS
00:52:47.817335 HM:   MSR_IA32_VMX_EPT_VPID_CAP_INVVPID_SINGLE_CONTEXT_RETAIN_GLOBALS
00:52:47.817336 HM: MSR_IA32_VMX_MISC               = 0x100401e5
00:52:47.817338 HM:   MSR_IA32_VMX_MISC_PREEMPT_TSC_BIT      = 0x5
00:52:47.817339 HM:   MSR_IA32_VMX_MISC_STORE_EFERLMA_VMEXIT = true 
00:52:47.817340 HM:   MSR_IA32_VMX_MISC_ACTIVITY_STATES      = 0x7
00:52:47.817341 HM:   MSR_IA32_VMX_MISC_CR3_TARGET           = 0x4
00:52:47.817343 HM:   MSR_IA32_VMX_MISC_MAX_MSR              = 512
00:52:47.817344 HM:   MSR_IA32_VMX_MISC_RDMSR_SMBASE_MSR_SMM = false
00:52:47.817346 HM:   MSR_IA32_VMX_MISC_SMM_MONITOR_CTL_B2   = true 
00:52:47.817347 HM:   MSR_IA32_VMX_MISC_VMWRITE_VMEXIT_INFO  = false
00:52:47.817348 HM:   MSR_IA32_VMX_MISC_MSEG_ID              = 0x0
00:52:47.817349 HM: MSR_IA32_VMX_CR0_FIXED0         = 0x80000021
00:52:47.817351 HM: MSR_IA32_VMX_CR0_FIXED1         = 0xffffffff
00:52:47.817353 HM: MSR_IA32_VMX_CR4_FIXED0         = 0x2000
00:52:47.817355 HM: MSR_IA32_VMX_CR4_FIXED1         = 0x1727ff
00:52:47.817356 HM: MSR_IA32_VMX_VMCS_ENUM          = 0x2a
00:52:47.817358 HM:   MSR_IA32_VMX_VMCS_ENUM_HIGHEST_INDEX   = 0x15
00:52:47.817359 HM: APIC-access page physaddr       = 0x00000000d8d03000
00:52:47.817361 HM: VCPU  0: MSR bitmap physaddr    = 0x00000000d8d00000
00:52:47.817364 HM: VCPU  0: VMCS physaddr          = 0x00000000d8d02000
00:52:47.817366 HM: VCPU  1: MSR bitmap physaddr    = 0x00000000d8cfa000
00:52:47.817368 HM: VCPU  1: VMCS physaddr          = 0x00000000d8cfd000
00:52:47.817371 HM: Guest support: 32-bit and 64-bit
00:52:47.817390 HM: Supports VMCS EFER fields       = true 
00:52:47.817392 HM: VMX enabled!
00:52:47.817396 CPUM: SetGuestCpuIdFeature: Enabled SYSENTER/EXIT
